| Time     |   steer |   speed |     X |     Y |   Pose |   Axle-Pos |   Current |
|----------|---------|---------|-------|-------|--------|------------|-----------|
| 21:22:12 |       0 |       0 |  -7.2 |  -0.3 |   4.07 |        -12 |       447 |
| 21:22:12 |       0 |       0 |  -7.2 |  -0.3 |   4.07 |        -12 |       436 |
| 21:22:12 |       0 |       0 |  -7.2 |  -0.3 |   4.07 |        -12 |       436 |
| 21:22:13 |      -1 |      -1 |  -7.2 |  -0.3 |   4.07 |        -12 |       436 |
| 21:22:13 |      -1 |      -1 |  -7.2 |  -0.3 |   4.12 |         -5 |       483 |
| 21:22:14 |      -1 |      -1 |  -9.4 |  -0.4 |   3.3  |         -6 |       483 |
| 21:22:14 |      -1 |      -1 | -12.3 |  -0.5 |   2.03 |         31 |       479 |
| 21:22:14 |      -1 |      -1 | -15.3 |  -0.6 |   1.04 |         57 |       479 |
| 21:22:15 |      -1 |      -1 | -18.6 |  -0.6 |   0.11 |         82 |       479 |
| 21:22:15 |      -1 |      -1 | -22.8 |  -0.7 |   0.82 |         96 |       494 |
| 21:22:16 |      -1 |      -1 | -26.5 |  -0.7 |   0.93 |         75 |       494 |
| 21:22:16 |      -1 |      -1 | -29.5 |  -0.8 | 359.5  |         63 |       494 |
| 21:22:16 |      -1 |      -1 | -32.6 |  -0.7 | 358.13 |         48 |       491 |
| 21:22:17 |      -1 |      -1 | -36.9 |  -0.4 | 354.33 |         74 |       491 |
| 21:22:17 |      -1 |      -1 | -38.6 |  -0.3 | 355.38 |         77 |       492 |
| 21:22:17 |      -1 |      -1 | -42.2 |   0   | 355.21 |         89 |       492 |
| 21:22:18 |      -1 |      -1 | -46.2 |   0.4 | 355.76 |         76 |       492 |
| 21:22:18 |      -1 |      -1 | -48.9 |   0.6 | 354.12 |         74 |       491 |
| 21:22:18 |      -1 |      -1 | -53   |   1.1 | 351.2  |         71 |       491 |
| 21:22:19 |      -1 |      -1 | -55   |   1.4 | 351.47 |         78 |       491 |
| 21:22:19 |      -1 |      -1 | -58   |   1.9 | 350.21 |         99 |       497 |
| 21:22:58 |       0 |       1 | -66   |   3.2 | 351.36 |        116 |       433 |
| 21:22:59 |       0 |       1 | -66   |   3.2 | 351.36 |        114 |       433 |
| 21:22:59 |       0 |       1 | -64   |   2.9 | 350.81 |        101 |       448 |
| 21:22:59 |       0 |       1 | -60.1 |   2.3 | 350.92 |         64 |       448 |
| 21:23:00 |       0 |       1 | -56.3 |   1.7 | 351.09 |         60 |       487 |
| 21:23:00 |       0 |       1 | -51.8 |   1   | 351.58 |         60 |       487 |
| 21:23:01 |       0 |       1 | -48.3 |   0.5 | 351.25 |         55 |       487 |
| 21:23:01 |       0 |       1 | -44.6 |  -0.1 | 351.25 |         46 |       484 |
| 21:23:01 |       0 |       1 | -39.6 |  -0.8 | 353.07 |         62 |       484 |
| 21:23:02 |       0 |       1 | -35   |  -1.3 | 354.5  |         57 |     65636 |
| 21:23:02 |       0 |       1 | -31.1 |  -1.7 | 354.61 |         54 |       485 |
| 21:23:02 |       0 |       1 | -27.2 |  -2   | 354.67 |         48 |       485 |
| 21:23:03 |       0 |       1 | -22.6 |  -2.4 | 356.1  |         71 |       485 |
| 21:23:03 |       0 |       1 | -18.3 |  -2.7 | 357.03 |         65 |       498 |
| 21:23:04 |       0 |       1 | -14.4 |  -2.9 | 357.03 |         34 |       498 |
| 21:23:04 |       0 |       1 | -10.6 |  -3.1 | 356.98 |         40 |       496 |
| 21:23:04 |       0 |       1 |  -6.5 |  -3.3 | 357.64 |         45 |       496 |
| 21:23:05 |       0 |       1 |  -2.6 |  -3.4 | 358.02 |         32 |       496 |
| 21:23:05 |       0 |       1 |   1.2 |  -3.5 | 357.97 |         38 |       489 |
| 21:23:05 |       0 |       1 |   5   |  -3.7 | 358.02 |         17 |       489 |
| 21:23:06 |       0 |       1 |   9.3 |  -3.8 | 358.79 |         15 |       489 |
| 21:23:06 |       0 |       1 |  13   |  -3.9 | 358.9  |          9 |       490 |
| 21:23:06 |       0 |       1 |  16.9 |  -3.9 | 358.85 |          9 |       490 |
| 21:23:07 |       0 |       1 |  20.8 |  -4   | 358.9  |         11 |       490 |
| 21:23:07 |       0 |       1 |  25.3 |  -4.1 | 359.89 |         24 |       488 |
| 21:23:07 |       0 |       1 |  31   |  -4   |   1.87 |         13 |       488 |
| 21:23:08 |       0 |       1 |  34.8 |  -3.9 |   1.76 |          7 |       497 |
| 21:23:08 |       0 |       1 |  38.6 |  -3.7 |   1.82 |          7 |       497 |
| 21:23:09 |       0 |       1 |  42.9 |  -3.6 |   2.37 |         14 |       497 |
| 21:23:09 |       0 |       1 |  48.7 |  -3.3 |   4.07 |         21 |       491 |
| 21:23:09 |       0 |       1 |  51.7 |  -3.1 |   2.86 |         20 |       491 |
| 21:23:10 |       0 |       1 |  55.6 |  -2.9 |   2.92 |         15 |       491 |
| 21:23:10 |       0 |       1 |  59.5 |  -2.7 |   3.08 |         13 |       490 |
| 21:23:10 |       0 |       1 |  65.5 |  -2.3 |   5.01 |         23 |       490 |
| 21:23:11 |       0 |       1 |  68.7 |  -2   |   5.28 |         15 |       490 |
| 21:23:11 |       0 |       1 |  72.6 |  -1.6 |   5.34 |         12 |       489 |
| 21:23:11 |       0 |       1 |  76.7 |  -1.2 |   5.34 |         17 |       489 |
| 21:23:12 |       0 |       1 |  82.3 |  -0.6 |   7.26 |         18 |       491 |
| 21:23:12 |       0 |       1 |  86.5 |  -0.1 |   7.1  |          5 |       491 |
| 21:23:13 |       0 |       1 |  90.3 |   0.4 |   7.04 |         -2 |       491 |
| 21:23:13 |       0 |       1 |  94.2 |   0.9 |   7.1  |          2 |       493 |
| 21:23:13 |       0 |       1 |  98.8 |   1.5 |   8.09 |         -8 |       493 |
| 21:23:14 |       0 |      -1 | 102.6 |   2   |   7.87 |         10 |       493 |
| 21:23:14 |       0 |      -1 | 106.2 |   2.5 |   8.42 |         25 |       491 |
| 21:23:15 |       0 |      -1 | 102.2 |   2   |   8.2  |          2 |       491 |
| 21:23:15 |       0 |      -1 |  98.2 |   1.4 |   7.81 |          9 |       487 |
| 21:23:15 |       0 |      -1 |  94.3 |   0.9 |   7.81 |          0 |       487 |
| 21:23:16 |       0 |      -1 |  90.3 |   0.3 |   7.7  |         12 |       494 |
| 21:23:16 |       0 |      -1 |  86.1 |  -0.2 |   7.26 |         -1 |       494 |
| 21:23:17 |       0 |      -1 |  82.2 |  -0.7 |   7.15 |          8 |       494 |
| 21:23:17 |       0 |      -1 |  78.5 |  -1.2 |   7.21 |         11 |       495 |
| 21:23:17 |       0 |      -1 |  74.6 |  -1.7 |   7.21 |         -4 |       495 |
| 21:23:18 |       0 |      -1 |  69.9 |  -2.2 |   5.78 |          9 |       495 |
| 21:23:18 |       0 |      -1 |  65.3 |  -2.7 |   5.78 |         -2 |       499 |
| 21:23:18 |       0 |      -1 |  61.5 |  -3.1 |   5.94 |         -1 |       499 |
| 21:23:19 |       0 |      -1 |  57.4 |  -3.5 |   5.89 |         -3 |       499 |
| 21:23:19 |       0 |      -1 |  53   |  -3.9 |   5.45 |          3 |       492 |
| 21:23:20 |       0 |      -1 |  47.4 |  -4.4 |   4.29 |          0 |       492 |
| 21:23:20 |       0 |      -1 |  43.7 |  -4.7 |   3.96 |         -3 |       495 |
| 21:23:20 |       0 |      -1 |  39.9 |  -5   |   4.02 |         -7 |       495 |
| 21:23:21 |       0 |      -1 |  36   |  -5.2 |   4.07 |        -18 |       495 |
| 21:23:21 |       0 |      -1 |  30.4 |  -5.6 |   3.25 |         -8 |       493 |
| 21:23:21 |      -1 |      -1 |  27   |  -5.8 |   3.25 |         -8 |       493 |
| 21:23:22 |      -1 |      -1 |  23.2 |  -6   |   3.14 |         38 |       493 |
| 21:23:22 |      -1 |      -1 |  19.5 |  -6.2 |   2.75 |         57 |       494 |
| 21:23:22 |      -1 |      -1 |  13.3 |  -6.5 |   2.97 |         51 |       494 |
| 21:23:23 |      -1 |      -1 |   9.8 |  -6.6 |   1.98 |         54 |       501 |
| 21:23:23 |      -1 |      -1 |   6.7 |  -6.7 |   0.66 |         68 |       501 |
| 21:23:24 |      -1 |      -1 |   3.6 |  -6.7 | 359.34 |         78 |       501 |
| 21:23:24 |      -1 |      -1 |   0.4 |  -6.6 | 357.86 |         84 |       495 |
| 21:23:24 |      -1 |      -1 |  -2.9 |  -6.5 | 356.7  |        102 |       495 |
| 21:23:25 |      -1 |      -1 |  -7.1 |  -6.2 | 357.14 |         86 |       495 |
| 21:23:25 |      -1 |      -1 | -10.8 |  -6.1 | 356.87 |         85 |       493 |
| 21:23:25 |      -1 |      -1 | -13.9 |  -5.8 | 355.49 |        102 |       493 |
| 21:23:26 |      -1 |      -1 | -17.4 |  -5.5 | 353.4  |         92 |       494 |
| 21:23:26 |      -1 |      -1 | -20.1 |  -5.2 | 352.3  |         98 |       494 |
| 21:23:27 |      -1 |      -1 | -23.4 |  -4.7 | 351.2  |         86 |       494 |
| 21:23:27 |      -1 |      -1 | -26.8 |  -4.1 | 350.05 |         78 |       496 |
| 21:23:27 |      -1 |      -1 | -32.1 |  -3.1 | 348.84 |         60 |       496 |
| 21:23:28 |      -1 |      -1 | -35.2 |  -2.5 | 348.18 |         62 |       495 |
| 21:23:28 |      -1 |      -1 | -38.5 |  -1.8 | 346.75 |         81 |       495 |
| 21:23:29 |      -1 |      -1 | -41.7 |  -1   | 345.37 |         86 |       495 |
| 21:23:29 |      -1 |      -1 | -47.1 |   0.4 | 344.82 |         70 |       496 |
| 21:23:30 |       0 |       1 | -50.9 |   1.5 | 344.11 |         76 |       496 |
| 21:23:30 |       0 |       1 | -54   |   2.4 | 342.62 |         81 |       488 |
| 21:23:30 |       0 |       1 | -49.9 |   1.1 | 342.51 |         65 |       488 |
| 21:23:31 |       0 |       1 | -46   |  -0.1 | 343.01 |         64 |       488 |
| 21:23:31 |       0 |       1 | -42.3 |  -1.2 | 343.01 |         58 |       479 |
| 21:23:32 |       0 |       1 | -38.3 |  -2.4 | 343.06 |         55 |       479 |
| 21:23:32 |       0 |       1 | -31.8 |  -4.2 | 346.53 |         57 |       486 |
| 21:23:32 |       0 |       1 | -27.8 |  -5.1 | 346.36 |         41 |       486 |
| 21:23:33 |       0 |       1 | -23.8 |  -6.1 | 346.36 |         36 |       486 |
| 21:23:33 |       0 |       1 | -19.2 |  -7.2 | 347.46 |         40 |       491 |
| 21:23:33 |       0 |       1 | -14.9 |  -8.1 | 348.73 |         45 |       491 |
| 21:23:34 |       0 |       1 | -11.5 |  -8.8 | 348.45 |         39 |       494 |
| 21:23:34 |       0 |       1 |  -7.7 |  -9.6 | 348.45 |         14 |       494 |
| 21:23:35 |       0 |       1 |  -3.8 | -10.3 | 348.45 |         10 |       494 |
| 21:23:35 |       0 |       1 |   1.1 | -11.3 | 350.21 |         11 |       491 |
| 21:23:35 |       0 |       1 |   4.8 | -11.9 | 350.1  |         17 |       491 |
| 21:23:36 |       0 |       1 |   8.7 | -12.6 | 350.1  |         13 |       491 |
| 21:23:36 |       0 |       1 |  12.6 | -13.3 | 350.1  |         -1 |       490 |
| 21:23:36 |       0 |       1 |  16.7 | -14   | 350.38 |          6 |       490 |
| 21:23:37 |       0 |       1 |  20.1 | -14.6 | 348.73 |          9 |       496 |
| 21:23:37 |       0 |       1 |  24   | -15.4 | 348.62 |          8 |       496 |
| 21:23:38 |       0 |       1 |  27.8 | -16.2 | 348.67 |         11 |       496 |
| 21:23:38 |       0 |       1 |  33.4 | -17.3 | 348.89 |        -11 |       495 |
| 21:23:38 |       0 |       1 |  38.5 | -18.3 | 349.11 |        -19 |       495 |
| 21:23:39 |       1 |       1 |  42.7 | -19.1 | 349.17 |        -17 |       491 |
| 21:23:39 |       1 |       1 |  46.6 | -19.8 | 349    |        -69 |       491 |
| 21:23:40 |       1 |       1 |  51.7 | -20.8 | 348.12 |        -66 |       491 |
| 21:23:40 |       1 |       1 |  56.5 | -21.9 | 346.58 |       -119 |       495 |
| 21:23:40 |       1 |       1 |  59.8 | -22.8 | 344.88 |       -129 |       495 |
| 21:23:41 |       1 |       1 |  62.9 | -23.6 | 343.39 |       -142 |       495 |
| 21:23:41 |       1 |       1 |  66.7 | -24.8 | 342.35 |       -134 |       485 |
| 21:23:42 |       1 |       1 |  69.7 | -25.8 | 340.81 |       -159 |       485 |
| 21:23:42 |       1 |       1 |  72.5 | -26.9 | 338.72 |       -178 |       496 |
| 21:23:42 |       1 |       1 |  75.6 | -28.1 | 337.01 |       -201 |       496 |
| 21:23:43 |       1 |       1 |  79.1 | -29.7 | 334.87 |       -206 |       496 |
| 21:23:43 |       1 |       1 |  82   | -31.1 | 332.17 |       -204 |       492 |
| 21:23:43 |       1 |       1 |  84.9 | -32.7 | 330.69 |       -215 |       492 |
| 21:23:44 |       1 |       1 |  87.7 | -34.3 | 329.15 |       -179 |       491 |
| 21:23:44 |       1 |       1 |  90.9 | -36.3 | 327.17 |       -179 |       491 |
| 21:23:45 |       1 |       1 |  94.2 | -38.6 | 323.81 |       -240 |       491 |
| 21:23:45 |       1 |       1 |  96.7 | -40.5 | 322.11 |       -224 |       487 |
| 21:23:45 |       1 |       1 |  99.2 | -42.5 | 320.56 |       -230 |       487 |
| 21:23:46 |       1 |       1 | 102.4 | -45.3 | 317.26 |       -227 |       489 |
| 21:23:46 |       1 |       1 | 104.1 | -46.8 | 315.39 |       -226 |       489 |
| 21:23:47 |       1 |       1 | 106.4 | -49.1 | 313.91 |       -244 |       489 |
| 21:23:47 |       1 |       1 | 108.8 | -51.8 | 311.76 |       -244 |       491 |
| 21:23:47 |       1 |       1 | 111.9 | -55.5 | 307.53 |       -227 |       491 |
| 21:23:48 |       1 |       1 | 113.3 | -57.4 | 306.92 |       -220 |       496 |
